52
1 5 52 31 32 54 55 
2 6 25 24 28 4 26 27 
3 5 9 8 48 51 12 
4 4 50 37 39 52 
5 2 2 3 
6 5 50 48 37 38 52 
7 3 3 2 4 
8 3 3 2 4 
9 1 54 
10 5 50 48 51 37 49 
11 6 52 50 10 93 38 69 
12 6 37 40 41 38 50 52 
13 5 37 40 38 39 41 
14 3 2 3 4 
15 6 52 50 10 91 55 38 
16 4 52 51 48 49 
17 7 61 63 43 88 27 6 3 
18 2 5 7 
19 3 31 32 44 
20 8 50 48 49 51 37 40 38 92 
21 4 40 37 55 41 
22 4 69 49 42 63 
23 6 63 87 28 7 26 24 
24 9 48 50 51 49 37 38 41 40 54 
25 5 24 25 27 28 26 
26 9 50 37 38 41 40 42 52 39 91 
27 7 38 68 92 93 71 55 21 
28 8 52 50 38 37 97 69 68 8 
29 2 7 55 
30 4 38 9 37 94 
31 4 44 73 67 66 
32 5 49 12 56 39 71 
33 4 26 27 28 11 
34 4 68 92 56 91 
35 5 63 7 24 87 39 
36 2 26 29 
37 4 26 27 28 11 
38 0 
39 4 71 91 45 46 
40 4 15 14 13 46 
41 0 
42 0 
43 0 
44 0 
45 0 
46 3 15 17 20 
47 0 
48 0 
49 0 
50 0 
51 4 56 34 15 46 
52 0 
